41603432370
99494027367
41637459370
41603432370
99494027367
41637459370
41603432370
99494027367
41637459370
41603432370
99494027367
41637459370
41603432370
99494027367
41637459370
20807870674
54508275460
49484321428
85559460877
28935366439
61668345222
93676422995
75654131228
11017662358
86509703403
54026617159
67526209787
93676422995
61668345222
54508275460
35645877997
20807870674
49484321428
54026617159
75654131228
93172451331
28935366439
54026617159
35645877997
67526209787
89510289910
49484321428
36719806064
20807870674
54508275460
24107873434
60854948408
75654131228
28935366439
93877028247
93676422995
11017662358
57398494772
